============================================================================================================
S1 / S2 / S3 -- ABSOLUTE-g LADDER, THE PHASE TEST AT g=9, AND THE mod-9 DIRECTION
3x3 CONV TENSORS ONLY (1x1 shortcut convs have no kernel and are excluded by construction)
============================================================================================================
arm                             tag                  E(8)     E(9)    E(12)    E(16)   S1    E9_al  E9_off4  S2 ratio     mod9     res
probes_fz3/probe_r10_w_s0       r10  frozen        0.4202   0.5131   0.3305   0.2829 PASS   0.5131   0.3741      1.37   0.0080  0.0103
probes_fz3/probe_r10_w_s1       r10  frozen        0.4338   0.5576   0.3897   0.3081 PASS   0.5576   0.3728      1.50   0.0092  0.0193
probes_fz3/probe_r34_w_s0       r34  frozen        0.0573   0.0709   0.0525   0.0419 PASS   0.0709   0.0468      1.52   0.0003  0.0135
probes_fz3/probe_r34_w_s1       r34  frozen        0.0800   0.1000   0.0530   0.0501 fail   0.1000   0.0834      1.20   0.0005  0.0023
probes_fz3/probe_c100_w_s0      c100 frozen        0.1967   0.2234   0.1729   0.1434 PASS   0.2234   0.1302      1.72   0.0011  0.0092
probes_fz3/probe_c100_w_s1      c100 frozen        0.2367   0.2664   0.1805   0.1542 fail   0.2664   0.2185      1.22   0.0011  0.0107
probes_p5/probe_w_a3_s0         r18  frozen        0.1098   0.1526   0.1385   0.0917 PASS   0.1526   0.0793      1.92   0.0026  0.0084
probes_p5/probe_w_a3_s1         r18  frozen        0.1643   0.1949   0.1534   0.1434 fail   0.1949   0.1458      1.34   0.0023  0.0105
probes_ff5/probe_r10_w_s0       r10  free          1.3859   1.8356   1.3881   1.1906 PASS   1.8356   1.1461      1.60   0.0098  0.0330
probes_ff5/probe_r10_w_s1       r10  free          0.6815   0.9066   0.5594   0.4865 PASS   0.9066   0.4560      1.99   0.0090  0.0127
probes_ff5/probe_r34_w_s0       r34  free          0.0885   0.1922   0.0950   0.0529 PASS   0.1922   0.1033      1.86  -0.0003  0.0196
probes_ff5/probe_r34_w_s1       r34  free          0.0078   0.0159   0.0288   0.0016 fail   0.0159  -0.0211       inf   0.0002  0.0039
probes_ff5/probe_c100_w_s0      c100 free          0.5176   0.7991   0.4524   0.3515 PASS   0.7991   0.3650      2.19   0.0022  0.0128
probes_ff5/probe_c100_w_s1      c100 free          0.6363   0.8588   0.5487   0.4033 PASS   0.8588   0.5081      1.69   0.0019  0.0120
probes_cl5/probe_w_cU_s0        r18  free          0.1479   0.2116   0.1496   0.1241 PASS   0.2116   0.0426      4.97   0.0032  0.0131
probes_cl5/probe_w_cU_s1        r18  free          0.3399   0.3877   0.3063   0.2304 fail   0.3877   0.2596      1.49   0.0016  0.0261
probes_cl5/probe_w_cU_s2        r18  free          0.2761   0.3449   0.2121   0.1838 fail   0.3449   0.2339      1.47   0.0032  0.0108
probes_ml5/probe_w_m2_s0        r18  EXC ms1e-2   71.3920  87.9671  69.9726  63.9253 PASS  87.9671  60.6277      1.45   0.0001  0.0057
probes_bo6/probe_w_adw_s0       r18  EXC adamw    71.2828  86.3911  69.8018  64.4283 PASS  86.3911  61.9079      1.40   0.0067  0.0070

FULL ABSOLUTE-g LADDER (E in pp), all arms:
  arm                                    1       2       3       4       6       8       9      12      16      18      27      32      36      64      72     128     144     288     576
  probes_fz3/probe_r10_w_s0         0.0000  0.3930  0.6076  0.4822  0.5009  0.4202  0.5131  0.3305  0.2829  0.2853  0.2351  0.2156  0.2025  0.1628  0.1611  0.1276  0.1268  0.1083  0.1051
  probes_fz3/probe_r10_w_s1         0.0000  0.3821  0.5992  0.4619  0.5437  0.4338  0.5576  0.3897  0.3081  0.3119  0.2437  0.2330  0.2031  0.1476  0.1420  0.1242  0.1308  0.1111  0.1085
  probes_fz3/probe_r34_w_s0         0.0000  0.0773  0.0682  0.0797  0.0686  0.0573  0.0709  0.0525  0.0419  0.0288  0.0483  0.0328  0.0269  0.0179  0.0138  0.0148  0.0063  0.0055  0.0040
  probes_fz3/probe_r34_w_s1         0.0000  0.0460  0.1230  0.1169  0.1183  0.0800  0.1000  0.0530  0.0501  0.0655  0.0364  0.0354  0.0406  0.0194  0.0188  0.0206  0.0133  0.0155  0.0144
  probes_fz3/probe_c100_w_s0        0.0000  0.2098  0.2713  0.1987  0.2208  0.1967  0.2234  0.1729  0.1434  0.1438  0.1138  0.1138  0.1012  0.0718  0.0692  0.0527  0.0553  0.0483  0.0447
  probes_fz3/probe_c100_w_s1        0.0000  0.2310  0.3199  0.2699  0.2834  0.2367  0.2664  0.1805  0.1542  0.1523  0.1133  0.0999  0.0992  0.0623  0.0649  0.0546  0.0620  0.0513  0.0495
  probes_p5/probe_w_a3_s0           0.0000  0.1116  0.1192  0.1414  0.1499  0.1098  0.1526  0.1385  0.0917  0.1131  0.0822  0.0791  0.1028  0.0710  0.0776  0.0618  0.0637  0.0546  0.0510
  probes_p5/probe_w_a3_s1           0.0000  0.1264  0.2149  0.1690  0.2111  0.1643  0.1949  0.1534  0.1434  0.1342  0.1175  0.0999  0.0937  0.0748  0.0747  0.0597  0.0534  0.0500  0.0512
  probes_ff5/probe_r10_w_s0         0.0000  1.0302  1.7706  1.5801  1.6004  1.3859  1.8356  1.3881  1.1906  1.1760  0.9130  0.8206  0.8029  0.6382  0.6421  0.5250  0.5358  0.4810  0.4550
  probes_ff5/probe_r10_w_s1         0.0000  0.6860  0.9863  0.8202  0.8358  0.6815  0.9066  0.5594  0.4865  0.5084  0.3748  0.3217  0.3047  0.2097  0.1985  0.1583  0.1592  0.1343  0.1189
  probes_ff5/probe_r34_w_s0         0.0000  0.2821  0.1768  0.1060  0.1711  0.0885  0.1922  0.0950  0.0529  0.0155  0.0183 -0.0013 -0.0013 -0.0075 -0.0151 -0.0121 -0.0248 -0.0205 -0.0184
  probes_ff5/probe_r34_w_s1         0.0000 -0.1385 -0.0952  0.1092  0.0723  0.0078  0.0159  0.0288  0.0016  0.0160 -0.0053 -0.0045 -0.0142 -0.0348 -0.0337 -0.0314 -0.0313 -0.0186 -0.0225
  probes_ff5/probe_c100_w_s0        0.0000  0.5240  0.7334  0.5642  0.6367  0.5176  0.7991  0.4524  0.3515  0.4398  0.2966  0.2114  0.2239  0.1360  0.1269  0.0768  0.0671  0.0359  0.0259
  probes_ff5/probe_c100_w_s1        0.0000  0.6479  0.9145  0.7769  0.8283  0.6363  0.8588  0.5487  0.4033  0.4280  0.3255  0.2168  0.2240  0.1371  0.1208  0.0864  0.0834  0.0542  0.0309
  probes_cl5/probe_w_cU_s0          0.0000  0.0878  0.2105  0.1337  0.1629  0.1479  0.2116  0.1496  0.1241  0.1364  0.0523  0.0856  0.0831  0.0393  0.0431  0.0402  0.0455  0.0483  0.0432
  probes_cl5/probe_w_cU_s1          0.0000  0.3339  0.4336  0.3672  0.4666  0.3399  0.3877  0.3063  0.2304  0.2234  0.1878  0.1610  0.1284  0.0849  0.0893  0.0446  0.0480  0.0332  0.0433
  probes_cl5/probe_w_cU_s2          0.0000  0.2296  0.2961  0.2871  0.3601  0.2761  0.3449  0.2121  0.1838  0.2145  0.1703  0.1155  0.1314  0.0740  0.0898  0.0631  0.0585  0.0548  0.0498
  probes_ml5/probe_w_m2_s0          0.0000 46.4681 66.0917 67.3543 73.2867 71.3920 87.9671 69.9726 63.9253 65.8378 57.8324 54.6853 54.2509 48.3914 47.6326 45.1112 44.8820 43.4290 42.9539
  probes_bo6/probe_w_adw_s0         0.0000 46.2917 65.5757 66.7967 73.0583 71.2828 86.3911 69.8018 64.4283 66.9280 60.3849 57.5906 57.6556 53.1219 52.9220 50.5862 50.5521 49.4591 49.0275

PHASE SCAN AT g=9 (E in pp) -- offset 0 is kernel-aligned:
  arm                                      0         1         2         3         4
  probes_fz3/probe_r10_w_s0           0.5131    0.4486    0.3795    0.3693    0.3741
  probes_fz3/probe_r10_w_s1           0.5576    0.5020    0.4191    0.4132    0.3728
  probes_fz3/probe_r34_w_s0           0.0709    0.0429    0.0408    0.0485    0.0468
  probes_fz3/probe_r34_w_s1           0.1000    0.0764    0.0721    0.0648    0.0834
  probes_fz3/probe_c100_w_s0          0.2234    0.1961    0.1731    0.1543    0.1302
  probes_fz3/probe_c100_w_s1          0.2664    0.2345    0.2224    0.2238    0.2185
  probes_p5/probe_w_a3_s0             0.1526    0.1165    0.1292    0.0957    0.0793
  probes_p5/probe_w_a3_s1             0.1949    0.1448    0.1560    0.1465    0.1458
  probes_ff5/probe_r10_w_s0           1.8356    1.5640    1.3930    1.2725    1.1461
  probes_ff5/probe_r10_w_s1           0.9066    0.7731    0.5978    0.5491    0.4560
  probes_ff5/probe_r34_w_s0           0.1922    0.1318    0.1003    0.0778    0.1033
  probes_ff5/probe_r34_w_s1           0.0159    0.0134   -0.0089   -0.0162   -0.0211
  probes_ff5/probe_c100_w_s0          0.7991    0.5911    0.4741    0.4254    0.3650
  probes_ff5/probe_c100_w_s1          0.8588    0.6732    0.5895    0.5560    0.5081
  probes_cl5/probe_w_cU_s0            0.2116    0.1751    0.1113    0.0570    0.0426
  probes_cl5/probe_w_cU_s1            0.3877    0.3913    0.3199    0.2945    0.2596
  probes_cl5/probe_w_cU_s2            0.3449    0.2960    0.3311    0.2313    0.2339
  probes_ml5/probe_w_m2_s0           87.9671   77.0101   68.8248   63.3776   60.6277
  probes_bo6/probe_w_adw_s0          86.3911   76.5567   69.2333   64.4302   61.9079
